输入：9
输出：
   1   2   3   4   5   6   7   8   9
  24  25  26  27  28  29  30  10
  23  39  40  41  42  31  11
  22  38  45  43  32  12
  21  37  44  33  13
  20  36  34  14
  19  35  15
  18  16
  17
积分：8

输入：19
   1   2   3   4   5   6   7   8   9  10  11  12  13  14  15  16  17  18  19
  54  55  56  57  58  59  60  61  62  63  64  65  66  67  68  69  70  20
  53  99 100 101 102 103 104 105 106 107 108 109 110 111 112  71  21
  52  98 135 136 137 138 139 140 141 142 143 144 145 113  72  22
  51  97 134 162 163 164 165 166 167 168 169 146 114  73  23
  50  96 133 161 180 181 182 183 184 170 147 115  74  24
  49  95 132 160 179 189 190 185 171 148 116  75  25
  48  94 131 159 178 188 186 172 149 117  76  26
  47  93 130 158 177 187 173 150 118  77  27
  46  92 129 157 176 174 151 119  78  28
  45  91 128 156 175 152 120  79  29
  44  90 127 155 153 121  80  30
  43  89 126 154 122  81  31
  42  88 125 123  82  32
  41  87 124  83  33
  40  86  84  34
  39  85  35
  38  36
  37
积分：9


数据宽度不是4，扣3分（不重复扣分）
没有右对齐，扣2分（不重复扣分）

本题分数扣完为止




